T=[0 3.0816 6.16239 9.25692 12.3251 15.3844 17.6148 17.6148 17.6148 17.6148 17.6148];
t=[0 0.1 0.2 0.3 0.4 0.5 0.6 0.7 0.8 0.9 1];